ID	PBMCH01	PBMCH02	PBMCH03	PBMCH04	PBMCH05	PBMCH06	PBMCH07	PBMCH08	PBMCH09	PBMCH10	PBMCH11	PBMCH12	PBMCH13	PBMCB1	PBMCB4	PBMCB5	PBMCB2	PBMCB3	PBMCB6	PBMC02	PBMC03	PBMC01	PBMC04	PBMC05	PBMC06	PBMC07	PBMC08	PBMC09	PBMC10
TRBJ1-1	-0.04356009896292	-0.04356009896292	-0.04356009896292	-0.04356009896292	-0.04356009896292	-0.04356009896292	-0.04356009896292	-0.04356009896292	-0.04356009896292	-0.04356009896292	-0.04356009896292	-0.04356009896292	-0.04356009896292	-0.04356009896292	1.21968277096176	-0.04356009896292	-0.04356009896292	-0.04356009896292	-0.04356009896292	-0.04356009896292	-0.04356009896292	-0.04356009896292	-0.04356009896292	-0.04356009896292	-0.04356009896292	-0.04356009896292	-0.04356009896292	-0.04356009896292	-0.04356009896292
TRBJ1-2	-1.07993243330569	-1.07993243330569	-1.07993243330569	-1.07993243330569	4.73969046886556	-1.07993243330569	-1.07993243330569	-1.07993243330569	-1.07993243330569	-1.07993243330569	-1.07993243330569	-1.07993243330569	-1.07993243330569	-1.07993243330569	-1.07993243330569	-1.07993243330569	-1.07993243330569	-1.07993243330569	-1.07993243330569	1.10805730483559	-0.285078257097821	0.555807464615816	1.58411929576962	2.65123462223081	3.5533400070125	-1.07993243330569	3.4166965014606	3.24492658204076	-0.0500777569252682
TRBJ1-6	-0.996233751680349	-0.996233751680349	-0.996233751680349	-0.996233751680349	-0.996233751680349	-0.996233751680349	-0.996233751680349	-0.996233751680349	-0.996233751680349	-0.996233751680349	-0.996233751680349	-0.996233751680349	-0.996233751680349	-0.996233751680349	-0.996233751680349	-0.996233751680349	-0.996233751680349	-0.996233751680349	-0.996233751680349	-0.996233751680349	2.0004386351435	2.12931577830219	3.98437597897673	1.62914513041177	4.08261302551264	-0.996233751680349	4.00173016990274	3.3286252636661	-0.235335196628329
ANGEL1	0.844669176541887	0.583792621854862	0.603040566996757	0.394435323643016	0.0968448180691848	0.571469505287673	0.411248457251565	0.729643434903631	0.168993829932129	0.906139564136692	0.230829599998671	0.221114355597415	0.133565612537236	0.618267536756878	0.619046769248049	0.606428352784093	0.689045691998622	0.486976496825466	0.114956883559195	-0.410034280785673	0.270968371513385	-0.091630302857137	-1.04406263225893	-1.30653380213064	-0.53789631985426	-5.81327703252448	0.0632563586865196	-0.111611817463652	-0.0496871402481744
ANGEL2	0.337295447609584	0.266475458529522	0.158930472369939	0.0452899083450422	-0.0652374568274556	-0.106280116092506	0.000350411349273827	-0.198841803015842	0.0153004803566219	-0.629938461981014	-0.030881426759052	-0.586983484308012	0.412769280272475	-0.258324536561728	0.000869833180287216	-0.0756110407444623	-0.0995152988892443	-0.539521516092949	0.106551689201122	-0.708381494353507	0.287413333202597	-0.039115232398812	-0.357955850235559	0.54592108620108	0.504338467619748	0.0492508390309165	0.296622664054984	0.561228409289267	0.107979937647695
CNP	1.12931212388819	0.641012637788625	0.999594549866364	1.0608048299642	0.568919771028018	-0.391574310814589	0.821114869529463	1.09244524368209	0.857159899779816	0.992522386357969	0.377941162111989	1.58439739679534	0.152338276798959	0.782000848630753	1.06295948711177	0.930773956189581	0.936669072859534	1.04043944578259	0.796710254799482	-0.133896829441746	0.17304543310995	0.0674445111313489	-7.77861830704496	0.0274027820447866	-0.738174229731438	-7.77861830704496	0.341388945109577	0.21314019852572	0.171343901191573
ANG	0.251084213284248	0.287713269005337	0.217730733607721	0.0794032709425592	-4.96782250205144	1.8463967884618	0.104046518106061	-0.818361631729577	1.12973156251384	-4.96782250205144	0.815252945792976	-0.397405879110284	1.28815593654315	0.707042618160568	0.864592555932995	-0.521501417521232	0.44557543365945	1.14952190355104	-1.85834696726949	0.706612971133054	-0.0939276717867497	0.123904771341597	1.57083838421939	0.791164424849273	0.496765864980292	1.59982998664011	-1.38187911291621	0.678874769724083	-0.147171238013114
ERN1	-0.741099536529246	-0.40100096101024	-0.394682536901266	-0.0657919193299854	-0.671989468563721	-0.862066008007837	-0.717661035679663	0.256123513924724	0.230793860205111	0.706307946241328	0.566358283325268	0.483101643115218	0.186518075496343	0.235725283468934	0.276185947877101	-0.492179340993019	-0.559292065637175	-0.0568107591009142	-0.218222918059194	0.891646304168916	-0.327211733289714	0.00147039382334135	0.0867451899803662	0.453770666423727	1.08125710005236	0.553760710480706	-0.158599955452532	-0.0636154349964979	-0.279541245032449
ENDOU	-0.864266750638534	1.89846708323486	-0.864266750638534	1.48083973075561	-0.864266750638534	-0.864266750638534	-0.864266750638534	2.80504750052799	-0.864266750638534	-0.864266750638534	-0.864266750638534	-0.864266750638534	-0.864266750638534	-0.314585530220867	-0.864266750638534	0.258348963624015	-0.864266750638534	1.04364470388329	-0.864266750638534	-0.864266750638534	0.550399176852822	-0.864266750638534	4.2625631445372	-0.864266750638534	-0.864266750638534	0.208989256017228	1.13653584402496	-0.864266750638534	2.2265516382565
USB1	-0.903233948250567	-0.249055359009254	0.336195776608354	0.989788505700146	-1.11081129809872	-0.524271398906085	-0.036505545008759	0.699123251088933	0.304037360258926	0.325022283861691	0.657583778121719	0.477687174146924	-0.625143574553451	0.321096683715911	0.290702004828008	0.147176159957623	0.456246658232265	1.01723741799445	-0.037360882242492	1.57941865594582	-0.28899304522125	0.694738675347633	-0.094780280709525	0.119885386173213	0.469681455575222	-4.04420152047281	-0.375726098438846	-0.755087634377352	0.159549357732279
N4BP2	-0.303989346508132	-0.183038238736607	-0.302844151101894	-0.382885595592123	-0.00632558025731633	-0.308856967867669	-0.226602102414049	-0.721334355201321	0.287078571558739	-0.455776697668201	0.11461859025203	-0.419633223543276	-0.213281623410587	-0.377391146816812	0.257809559050479	0.0797663357546838	-0.159888271332056	-0.57716479607612	-0.0321315975059804	0.136355103427878	0.338592304900393	0.0507249296426515	0.990469924078839	0.527288925736642	0.313271904795121	0.00869274947692134	0.500964907688035	0.478478912301821	0.587030975367909
A1CF	0.206236422311943	-0.910884620992048	-0.313540406593123	1.86099459937367	-0.910884620992048	-0.910884620992048	-0.910884620992048	-0.910884620992048	-0.910884620992048	-0.910884620992048	-0.910884620992048	-0.910884620992048	-0.910884620992048	0.035864540260839	-0.394239157384126	-0.910884620992048	-0.150760137121462	-0.073770751247191	-0.910884620992048	3.69133990126631	3.48086655895833	1.51009583951318	0.155966488268136	1.22425185174193	-0.910884620992048	-0.910884620992048	1.08991797367144	-0.910884620992048	1.34004559186082
APOBEC1	-0.761000840989527	1.34559844862728	1.26671006079289	-0.761000840989527	-0.761000840989527	-0.761000840989527	-0.761000840989527	-0.761000840989527	-0.761000840989527	-0.761000840989527	-0.761000840989527	-0.761000840989527	-0.761000840989527	0.185748320263359	-0.761000840989527	0.985237929511157	-0.761000840989527	-0.761000840989527	-0.313827840313478	0.352995892235805	2.17708161884828	0.142862460401161	-0.761000840989527	2.19980248282809	1.40868727160025	0.312255165666235	-0.761000840989527	0.62293227350807	1.48992937186335
CASC3	-0.228593168169864	0.207816380785713	-0.0832018606244258	0.262872072109896	-0.212103649694383	-0.228830337382311	0.208295461477055	0.416439867147737	-0.0292522777250923	-0.181753900535307	-0.132964871699688	-0.0840738015993896	0.0497085241723436	0.250156468856504	0.163503705542155	0.294858378356054	0.0846656419727179	0.226946165307139	0.24406818619579	0.552569919119735	0.205836898166659	-0.107547158748007	-0.546401826995872	0.393077621802989	-0.544142838123449	-0.676042676857298	-0.462494034413954	-0.0573192159481284	0.0139063275046762
CTIF	-0.678814248599167	-0.977951910096	-0.127511592318273	1.30250852136478	-0.587325237970262	-3.69841413002972	0.0934077846862209	0.886559878199238	0.149198006313659	1.26515407093443	0.194805924134474	0.308876823828678	0.341188113355319	0.621742300539028	0.28375704164762	-0.390275205331251	0.296528661366663	1.92756947862819	0.355313129781907	0.511601878527138	-0.416794722381752	0.861331106877341	0.163972618390218	-1.71365713548236	-1.24712464011759	0.516716435359534	-0.152917938763773	-0.382808592933459	0.293363580089173
DCP1A	-0.705544160005626	-0.453761818132891	-0.732662842362791	-0.0649390487651278	-0.859523571382272	-0.564301157986055	-0.0677543229415569	-0.161306148603456	-0.0633278833606958	0.251990004855463	-0.0179120446894476	-0.529579438740138	-0.518110287313084	-0.422323608725273	0.376221406280115	0.383473554736366	0.135598505554032	0.229667864076635	-0.0766063841510647	0.463571196701098	0.47660282683268	0.107476997167302	-0.179539093995059	1.00421282124318	0.309139139778598	0.348645439085326	0.209409553590341	0.823403281378942	0.297779219874466
DCP1B	0.729700377261254	0.317725273638113	0.405065214808009	0.0294013706022165	0.139473891664399	-0.369706103554234	0.0452147859691383	0.140601418420624	0.261599940891699	-0.324540783825923	-0.504347020605866	-0.311069011906992	-0.0327872471481667	0.526830021657876	0.175054143976178	0.284489150557236	0.263017598205707	-0.490787443370453	0.267150708958426	-0.0702066967319119	0.755117630377441	-0.748956575206989	-0.787943342317403	0.613722713267505	-1.65548684187878	-1.59545412290366	0.814675357613913	0.908474300815287	0.213971290765343
DCP2	0.307996644017271	0.196282967088678	0.219420723116691	-0.0617040944302847	0.43240414229575	0.707372451203032	0.301883505471464	0.0850285816429448	0.103176105370974	-0.417977188678087	0.167348376789674	0.18275698390199	0.414102211703543	-0.22994694710423	-0.317668693944048	-0.470386613533545	-0.137063330115653	-0.0510959482884701	-0.0931493700146007	-0.401361077603788	-0.337094555151003	0.184376824422113	0.0476325621793965	-0.321340877070073	-0.532357091331674	-0.311061923674897	0.0442458673725241	0.399141633588277	-0.110961869223944
DHX34	0.174441996852018	-0.162518010687259	-0.129942530852054	-0.306333700263004	-1.0155808253146	-0.422049269512843	-0.496766392964421	0.128903080155606	-0.431746524815896	1.13616846386841	0.158739104131033	0.347459667998439	-0.151551801217881	0.129018863004958	-0.47574010779301	-0.423440314697784	-0.567191260655921	-0.155562808742188	-0.521178855125262	1.71456536847338	-0.122972570923581	1.48872876312616	0.09601403282009	0.0364824056919151	-0.3080610648615	0.604206647048265	-0.163865656733801	-0.737281114212774	0.577054416203515
EIF3E	0.221157691374172	0.566620471270898	0.17959679080575	-0.395633131684363	0.605432308986007	0.820240968007159	0.0715624305673828	-0.0227111077033246	0.341705377669856	-0.230705863528856	0.409634412014324	0.344170381493553	0.265893701175516	-0.669085165885996	-0.329501138962105	-0.0114267646770347	-0.298788346302038	-0.48047240886782	-0.231161510954383	-0.384632976444152	0.0455995901166233	-0.533838808442002	-0.404228041473226	0.0530295257926685	-0.105237212382303	-0.00248682847415083	0.329838913719335	0.195150509841232	-0.349723767052744
EIF4A3	0.738838084484826	0.259508446742286	-0.0244677393015866	0.0584293224640646	0.644183789015301	0.102035876124592	-0.301759782115095	0.0553111960207957	0.385596840155529	0.27498172730898	0.421261591333455	0.668418514137338	0.289964420450891	-0.544896549114998	-0.682878590228063	-1.2773105358111	-0.266167057596041	0.334624999221953	-0.417809709605431	0.948944309044595	-0.561399327586827	-0.663238908744384	0.0336588460776994	-0.0405296151084062	2.10241528087418	-0.436051861798468	-0.745294853814132	-0.995301567121427	-0.361067145510544
ETF1	-0.625543913901792	-0.468400273916478	-0.621580440471888	0.049497218393272	-0.161921313720923	-0.49110786437825	-0.335485262933386	-0.220799950168331	-0.0654442307327514	0.358635982948817	0.139755343720314	-0.283989391454538	-0.212678882317711	-0.789261196781265	-0.18045940827767	-0.357850093086778	-0.444393710217039	0.618513624042942	-0.636196575457376	0.547693687593034	0.23002345467143	0.953764500117853	0.160758668296454	0.745365294253929	0.713511406774368	0.617196967577991	0.0516819335006993	0.192578654701419	0.516135771223635
EXOSC10	0.129532354948878	0.38314663442423	0.0360172785083535	0.167665386442222	0.263797838976686	-0.53236601871939	-0.0889950996053308	0.098855195022459	-0.127322822506665	-0.128006132809798	-0.455211772189017	-0.135599394015681	-0.121053839876375	-0.454674929750349	-0.117621414866239	0.149610231160663	0.0517101223442822	-0.409952354974848	0.199333775574502	-0.265347020932072	0.205271129071157	-0.057242527365629	0.23929615599058	0.396371211031132	0.961707078357124	-0.571317596724713	0.0986433033636764	0.313982927909024	-0.230229698788849
GSPT1	-0.386673492652514	-0.0863238001996987	-0.445791202231359	-0.549685911534697	-0.863925045732563	-0.165385922572767	-0.250960726519105	-0.379112936851422	0.173550649931817	0.134180739998571	-0.161642615882826	-0.519267105214398	0.0261418540392455	-0.352867321384471	0.14672592365536	0.149759123202763	-0.15718028804263	-0.676147862235521	-0.186193803414048	0.135033752438627	1.14961611636685	-0.231482201758963	-0.0546208623962983	1.02426059717769	1.34738755838683	0.253616851228944	-0.131671523682581	0.856634545788687	0.202024910090454
GSPT2	1.07968665544009	0.904998526093898	0.956522560453539	0.569939811308796	1.14245944040753	0.648902276028148	-0.0721835556038313	0.546178551412138	0.898412110136035	0.197215582377033	0.868447595039805	0.685797341340057	0.698081505968816	1.05230760754769	0.312391845760876	0.413654175878571	0.78704512279348	-0.0959512364583581	0.473765061974715	-0.0180210127395108	1.59874149216792	-1.21186465873829	1.24516143998707	-0.4911344772443	-5.07325597570323	-6.18856919729128	-0.459598897546049	-1.36245745991093	-0.106672230880431
HNRNPAB	-0.141958511140485	0.153875159591855	-0.00125692812749456	0.302382293382776	-0.660268448023633	-0.574554742417401	0.144901807225656	0.148236214874176	-0.0479200527276742	-0.137983020674552	0.26470693417944	0.439987007629256	0.0390199438089436	0.316921849749612	-0.0391306991335121	-0.0714858258802149	0.438584985912229	0.876546127031778	0.381750749181439	-0.163766880969288	-0.212668306592633	-0.426124754543068	-0.416023825463762	0.0637058300459259	0.678980893896098	-0.30956390316741	-0.044582316378925	-0.580875381015844	-0.421436200253277
HNRNPL	-0.18781562866041	0.175164070376738	-0.293326978553431	0.171413931437613	-0.0776463933080969	-0.155697069312756	0.226773287257496	0.315146477912576	0.18962900751886	0.404484101966634	0.122163803595889	0.182723334125347	-0.401901392052698	-0.0486448397292509	0.136089123308283	0.276456747999767	0.106695252961805	0.408111400157463	0.150719141771372	0.355593134781884	-0.0496662159548773	-0.440933163877062	-0.550915698223845	0.0858840507338261	0.101874433527302	-0.328651736574791	-0.477499984658968	-0.122215592984727	-0.274006605541931
MAGOH	0.639148620136627	0.433889478540184	-0.283707811881889	0.103501089472447	0.0618851318282996	0.576831083325859	0.0825259005465924	-0.045509839844792	0.410734303092037	-0.330433244834378	-0.126560703402463	-0.399535513766178	-0.428150517639287	-0.74435399336736	-0.215940984541394	-0.192079451192251	0.0115074538995721	-0.358180102728118	-0.217020524486291	0.0432671230228276	0.087830597387434	0.0780679433409581	0.554438690251644	0.205503321590747	-0.451135308155074	0.00349165919085515	0.00338245743876797	0.271390990799567	0.225212151975047
MAGOHB	0.446484830947044	0.508848591276843	0.296719299306176	-0.766144450664383	1.37351730058566	0.43563589586995	0.434632953365421	-0.312711351103436	0.470273744811699	-0.041042932641199	0.380551796479487	-0.120733588806993	0.465335658498942	-0.394357357352949	0.0291639878100334	0.0795263683683638	-0.400466308272623	-0.611333290368724	0.317927285666538	-1.50195973319519	-0.0187543434218718	-0.229443173297722	0.0105698042107907	-0.0825557543199142	-0.678802933306929	-0.882971922961993	0.438175447481733	0.312272320049125	0.0416418549861275
NBAS	-0.580675595567817	-0.846738614360437	-0.557327559399376	-0.455900578296374	-0.42209043734999	-0.445271160474514	-0.156667596316453	-0.394222812471515	-0.301179123095928	-0.246636072218259	-0.52816221847748	-0.458644102512531	-0.29655056554779	-0.346530404433087	0.13785853544441	0.142683273863639	-0.225284083916538	-0.3185267079099	0.0488711797915684	0.625215952583918	0.613365242880541	0.558844008737569	0.732037659221563	0.501129523516804	0.331239213232559	0.567069296646515	0.832401771784467	0.849734562401942	0.639957412242488
NCBP1	-0.0843941853762065	-0.256282952584233	-0.221068475104337	-0.327396576351596	-0.049707811366094	0.000170512233472309	0.0474814578968488	-0.399725121497752	-0.208025809905719	-0.474807187059216	-0.121295945029528	-0.838531437040567	-0.0194330173126378	-0.295724797500238	0.138967682021242	0.247349326847225	-0.149604644889843	-0.0113433584621383	-0.0337631820682311	0.333359309565267	0.218538213547026	0.224976341002231	0.322742909874256	0.324079557612476	0.231632901221168	-0.258752803847168	0.374153290458185	0.930666412456196	0.355739390659906
NCBP2	0.60424113043775	0.605155233501172	0.49208275438397	0.103172974339845	0.311034470210938	0.780961999006491	0.36249986947446	-0.170289110723695	0.186626006735619	-0.386108548862895	0.336128169887496	0.597960332528546	0.272344916434459	-0.367097906822568	-0.293948114502598	-0.142422371882631	-0.138279818888829	-0.109214093512563	-0.0781555192509131	-0.957395552593864	-0.280504569832372	-0.244190086724538	-0.0125589577711871	-0.274659317770634	-0.202261402180476	0.210843692220875	-0.0801914186512178	-0.415744335494868	-0.710030423695773
PABPC1	-1.06577038263561	-0.72761264490418	-0.901267952894464	-0.0364632243882781	-0.861072945176197	-0.928782910304934	-0.0222515267252792	-0.582354926585694	0.065194122342719	0.271047916025923	-0.0214118698413994	-0.665187222989552	-0.778259874694626	-0.287083866387631	0.294501129491268	0.55999757034567	0.155503149806156	0.246481791760942	0.0709586261932049	0.732252708747541	0.365641726735678	0.046648482505951	0.468692405323315	1.07738912090001	0.974301355850445	0.502941473018051	0.106168471200824	0.456326629914368	0.483472667365749
PARN	-0.657890516704111	-0.378319895076388	-0.373068082178115	-0.323208941292807	-0.42996506984516	-0.120546310257252	-0.310716918693068	-0.304982523346311	-0.121811794544728	-0.110343079284089	-0.231392812802007	-0.372613547051445	-0.0232857771875778	-0.0673543468159448	0.0483464132919096	0.165606007081255	-0.237321337913832	-0.415252442079776	0.0874861418078332	0.455549388592248	0.184765477557692	0.601483356866529	0.111800147225363	0.400023529219082	0.695936284642602	0.533097012243346	0.386759810276013	0.431759598349792	0.37546022791896
PNLDC1	-1.71449908851637	0.0846138584093512	1.31777898738436	0.454778779871007	-1.71449908851637	-1.71449908851637	-1.71449908851637	-1.71449908851637	2.3893806779911	-1.71449908851637	-1.71449908851637	-1.71449908851637	-1.71449908851637	1.19098104671327	1.48428942435046	0.798904701750337	0.835282754562122	-1.71449908851637	2.20877156345594	2.39838628369316	2.28494351790882	1.80313394438011	-0.647647979256187	2.03398556362254	-1.71449908851637	-1.71449908851637	1.98692837505072	-1.71449908851637	1.66397665082571
PNRC1	-0.139986354669594	0.299872541157463	-0.228935272145218	0.126011406896017	-0.100910701847594	0.122651052948896	0.328786502966274	0.365633683956718	0.146455018327064	-0.130992064137828	0.187164941297697	0.0676522822681864	-0.109530644702351	0.20321927413034	0.316400100938496	0.36244077922281	0.282566573358503	0.299105609815054	0.355587628411168	-0.0991457296074429	-0.503404584290932	-0.640517185646528	-0.473202252885498	0.11688638953067	0.512653045546539	-0.401533512200098	-0.677919255559013	-0.252305831602493	-0.33470344147733
PNRC2	0.798735617192913	0.784974577088454	0.494883758205686	0.113203172212236	0.813464033132339	0.875277434157654	0.273291227499019	0.00407464298162985	0.607072833797503	-0.0692936958518562	0.415152837406236	0.25503407779401	0.42033308613315	-0.108182910116238	-0.226518638318273	-0.0904155460039462	0.074220314350379	-0.0857899409916509	0.000241499494290309	-1.07864097065461	-0.344273566932252	-0.898499054666665	-0.522064391195951	-0.428200729362977	-0.742993703053495	-0.518430793211754	-0.136159558731475	-0.0647326314934027	-0.615762980860966
PYM1	0.800975557574002	0.226931510735962	0.113040001478717	0.262937469896825	-0.700128844740367	-0.583056631727637	-0.0942112882230912	-1.26242312975435	0.271241259281128	-0.000892927920939535	-0.136144860308676	0.141018025379897	0.291486945031334	0.278448126974041	0.485749887273535	0.168348213221666	0.138437031949366	-0.00881140281714377	0.245560233054647	0.19685540641178	0.138702699637469	-0.379224230273989	0.560725893826099	0.508120412928051	-0.841589838268309	-0.330177129094776	-1.10172020208234	0.268402791144368	0.341399019412737
RBM8A	0.68609652431326	0.760326759128928	0.550124864343504	0.343530018219152	0.68070633891918	0.590033614536635	0.197657828877688	-0.0675390030681111	0.4888329654739	-0.209372603303922	0.563009462944478	-0.0183510968466383	0.729678558171798	0.228092126438389	-0.239880155891621	-0.302508071551333	0.0660700526752933	0.197483522345918	-0.0907300651017504	-0.398571848224346	-0.569398752483842	-0.514900790004406	0.0987611946253235	-1.18190295891523	-0.490693148611147	-0.438947559328009	-0.273592224288953	-0.771551354874708	-0.612464198519451
RC3H1	-0.190861309422003	-0.647990413885458	-0.444379211565796	0.0829566528592842	-0.438653931022426	-0.532327388717752	-0.380628436487562	-0.301701624689965	-0.176381997931365	-0.164578260168799	-0.3402822035155	-0.577839310113269	-0.276334608964394	-0.219066864363064	0.0840893097437885	-0.156221068945046	-0.296383531520995	0.125420622085214	-0.148550331532196	0.478127071718873	0.474082330723666	0.839165240354612	0.220031360489427	0.396985238437189	0.379563022994766	0.715517761362985	0.340011794930952	0.781419251952396	0.37481083519241
RNPS1	0.339450888177639	0.029221505384486	-0.353390240172594	0.205840731827227	-0.483398535145323	0.20811468259657	0.0530810558461816	0.00683874571220322	0.219566516846211	0.473832998996212	0.22400575908968	0.286838462397425	-0.0189742017614538	0.177828476621395	0.297982327785627	0.293002125295516	0.387233943387763	0.670434048879036	0.176055292035189	-0.595283000027742	-0.0191506080794213	-0.472104028867975	-0.63314808769641	-0.361353226879791	0.392756585926016	-0.173404467023529	-0.762551000132007	-0.350609753686774	-0.218716997331365
SECISBP2	-0.747170684256488	-0.2513471396657	-0.620578150411465	-0.382387753693525	-0.440499653519183	-0.427996979624929	0.0777431529459189	-0.592527887256567	-0.0164733892137896	0.102352237291921	-0.339045346865065	-0.430695554339458	-0.227500494866678	-0.357843852124267	0.429270094893617	0.786814980813023	0.115859846975516	-0.33269903447203	0.0385144377331219	0.280390585259017	0.574012551577821	-0.0585063970235478	0.398659590224419	0.630217828037889	0.25396314159306	-0.103438976416848	0.38306755999932	0.951378927288944	0.306466359115946
SMG1	-0.206147493651191	-0.231289047410707	-0.167780954594868	0.139028746190633	-0.132654496424463	-0.285152667949831	-0.178765582409824	-0.289407835686063	0.0497206416686673	-0.0107476623640128	-0.0315700324122528	-0.0148020755039244	0.0894785695779969	0.0766362629015447	-0.107195763652925	0.0868133787434147	-0.105731619259528	-0.235918468839522	0.128096974268503	0.270388500285264	0.0293213848022251	0.161672696783635	0.0586318183434233	0.380793566182804	0.258731676148905	0.0377368186123803	0.0744780933623037	0.153863935708689	0.00177063657872267
SMG5	0.544028530051667	0.394707121886697	0.202436288872297	0.145535168426381	0.331043333078707	0.0295850205032497	-0.063829176416899	0.0190851849735214	0.0651553775256151	0.595508408151098	-0.113076822799712	0.407961860037057	0.279166894204518	0.33101723491442	-0.156042506924758	-0.199421736594132	0.0333943286609113	0.202259399490456	-0.298710352789557	-0.0814735260345714	-0.214738963332588	-0.0915938701315753	-0.395813773845514	-0.12526231908168	-0.164705308385159	-0.361930687807966	-0.596497875234402	-0.245656511865986	-0.472130719532093
SMG6	-0.514854926671074	-0.751194784881211	-0.647708355676027	-0.309876173932384	-0.809043358259673	-0.694222857103862	0.093181812829437	-0.152006759060829	-0.282555905259379	0.663004036923983	-0.323657096112418	-0.724266535811442	-0.607162135612656	-0.060053746356882	0.284513825914226	0.606638656492221	-0.160948413608782	-0.0683487463475885	0.0592043408826068	0.800580158254366	0.463261768507174	0.348073577731039	0.520214339942839	0.851539981172115	1.04831880382968	-0.212192503041255	-0.224595889083334	0.330896693717268	0.473260190621836
SMG7	-1.04913924993136	-0.622306641291091	-0.443845065846762	0.295712399750988	-0.630294048799398	-0.543049811595274	-0.274459553510095	-0.465713005823336	-0.439226526964985	-0.2280637317212	-0.42263073338637	-0.644289222070853	-0.425452532897779	0.167891063507556	0.589905547368575	0.136996786995965	-0.194478364984512	0.220604699502269	0.146602745865941	0.426768604195201	0.414134209242041	0.530900020500413	0.133563751897102	0.568166216996053	0.509344030477687	0.373127965860398	0.53487273220267	0.797053390647298	0.537304323812839
SMG8	1.04563789965566	0.730658166435468	0.781513103891829	0.148226590257519	1.16970239355849	1.10940305949418	0.238659447538872	0.380138548930745	0.206137362624438	-0.160309169829188	0.594519702894836	0.868320982375854	0.838697666090747	0.20592926741279	0.12027059126109	-0.174353287924441	0.380676624076969	0.0555628487025208	0.40529529875138	-1.21189393038963	0.430360393835697	0.363642191443251	-0.902130008792505	0.440125494200288	-1.98384524577423	-4.66074512160936	-0.223294115757252	-0.376973775942354	-0.819932977413654
SMG9	0.178610558075647	-0.264356888726618	0.34468219249748	-0.0431388821821788	-1.07165741911343	-0.581325218045333	0.19679018739717	-0.551289559228054	-0.386727353128308	0.211656548424017	0.331447075022036	-0.448689938814742	0.201807221746677	0.369423865278506	0.0835022025273959	0.375277803871873	0.252882092857162	0.322335999681783	0.191612303314768	0.650486897666115	-0.0950060036016822	-0.626121632696364	0.360808347610641	-0.797038372996469	0.16276837980028	0.956410125060762	-0.325421032682017	0.477288638993585	-0.477018138610697
SYNCRIP	-0.285980290843177	-0.378060923866821	-0.404218546451251	0.00688343570853611	-0.0699158882068733	-0.509365223813422	-0.0244309955790687	-0.14652677841987	0.180397856517285	-0.345874229245844	0.130913564278581	-0.264412511983373	-0.0340611938679576	-0.523948716003469	0.0321098922913521	-0.00192771975864758	-0.129257196200978	0.254086473007664	-0.0648536832496625	0.0403090398985384	0.510482234671301	0.311876433728418	0.108476136428685	0.22283835005727	0.214786265790634	0.114095392574212	0.109311835253884	0.671749605276867	0.274517382007163
UPF1	0.194086190927267	-0.040028656103237	0.0309547351761914	-0.101533656961463	-0.451568450651756	0.0130355190121154	0.0279788025507557	0.266493369856123	0.107467857050233	0.344400053816287	0.182954201782163	0.0462768223777168	-0.43638892960648	0.0584920956636381	0.223500221050831	0.337026276144616	0.252214698749761	0.382362791377748	-0.0688292024642188	0.588068142582248	-0.191273462790836	-0.0686984165325946	-0.485564658802028	0.0389576241598757	0.276042809008175	-0.337938348776929	-0.654760508020495	-0.112678379072543	-0.421049541503145
UPF2	-0.731407454261259	-0.490030052920348	-0.367774933626391	-0.0910417536089838	-0.395459306128204	-0.0499874753598579	-0.131173008425881	-0.321191954422439	-0.00769225491316661	-0.55275823548557	-0.37146872287965	0.0238022861448393	-0.107496039509575	-0.389542405638082	-0.352063541910418	-0.271308839118056	-0.340726940845157	-0.530738391649766	-0.197369443882105	0.452170059804757	0.437332700451408	0.583899284845712	0.861700957996376	0.436984627725128	0.5676407503002	0.688884225109986	0.597547038181085	0.598604674333352	0.450664149692049
UPF3A	0.611552524499265	0.595645530728573	0.399850062192661	-0.00334512243727048	0.0120039135430723	-0.0148584125144993	-0.0399299000737603	-0.163878070054407	0.287701022624603	-0.482670303894789	0.145599325984261	0.382740075655489	0.218065403391348	0.214842829133326	-0.217695771938466	0.361684257494259	-0.257639280528718	-0.314171914714802	0.445159138459388	-0.342843782922362	-0.156202573893294	0.200230193453535	-0.251488803337434	-0.168334572091846	-1.08394651665063	-0.122564437102428	0.237344687539618	-0.286846101523109	-0.206003401021572
UPF3B	0.0722966786567554	-0.119826107562631	-0.394708034597644	-0.438931995136702	-0.195272228980675	-0.301118355719113	-0.468304963811918	-0.400367932276995	0.648187674836586	-0.142045892114836	-0.268704659925536	-0.582305430134963	-0.218297129678581	-0.404009465290871	-0.0583006317628234	0.383018609996987	-0.316177370372856	-0.199556799433797	0.0327778490563615	0.0327070242570855	0.463026650273233	-0.168698663222204	0.0686197075975699	0.86246454278933	0.814297011650976	-1.09300639257234	0.637030987283308	1.23562881272386	0.519576503472424
ZC3H12A	-1.31782836700928	-0.468979689487965	-1.19731944555917	-0.495660838215432	-1.43266775544455	-0.370642737179056	0.490071487968915	1.59944840445516	0.293743535322418	1.04966682455321	0.721117082751821	0.553986174456961	-0.00987528556160022	-0.306876134797697	-0.389649981432342	-0.202617725389093	-0.203595195392058	0.758395968531321	-0.315491783833707	0.329895916459634	-0.335571637140804	-0.57597629747832	-0.948695287232583	1.3034602406504	2.24761061574113	0.618745462457925	-0.894271579257554	-0.282380288302736	-0.218041684634926
